0 313.6 1.9
1 312.3 1.9
2 316.6 1.9
3 314.1 1.9
4 314.7 1.9
5 313.2 1.9
6 315.0 1.9
7 314.1 1.9
8 315.8 1.9
9 313.4 1.9
10 312.8 1.9
11 314.2 1.9
12 313.8 1.9
13 313.2 1.9
14 313.9 1.9
15 314.4 1.9
16 314.0 1.9
17 312.7 1.9
18 313.2 1.9
19 318.9 1.9
20 312.4 1.9
21 313.2 1.9
22 315.2 1.9
23 314.5 1.9
24 313.0 1.9
25 313.2 1.9
26 314.5 1.9
27 315.6 1.9
28 313.4 1.9
29 313.6 1.9
30 313.2 1.9
31 315.1 1.9
32 315.2 1.9
33 313.7 1.9
34 313.7 1.9
35 311.7 1.9
36 315.9 1.9
37 311.8 1.9
38 313.7 1.9
39 310.4 1.9
40 313.0 1.9
41 311.7 1.9
42 313.7 1.9
43 312.1 1.9
44 313.7 1.9
45 313.6 1.9
46 312.5 1.9
47 314.1 1.9
48 311.4 1.9
49 310.2 1.9
50 311.1 1.9
51 312.6 1.9
52 312.1 1.9
53 314.2 1.9
54 318.6 1.9
55 313.8 1.9
56 312.4 1.9
57 312.9 1.9
58 314.5 1.9
59 313.1 1.9
60 314.1 1.9
61 319.3 1.9
62 314.0 1.9
63 312.9 1.9
64 313.4 1.9
65 310.6 1.9
66 334.6 1.9
67 327.1 1.9
68 314.0 1.9
69 317.1 1.9
70 323.5 1.9
71 313.4 1.9
72 318.3 1.9
73 317.3 1.9
74 316.8 1.9
75 317.1 1.9
76 315.8 1.9
77 316.1 1.9
78 315.6 1.9
79 317.8 1.9
80 314.5 1.9
81 316.9 1.9
82 317.7 1.9
83 317.5 1.9
84 317.2 1.9
85 314.5 1.9
86 317.1 1.9
87 317.5 1.9
88 316.3 1.9
89 315.4 1.9
90 317.4 1.9
91 317.3 1.9
92 317.3 1.9
93 331.0 1.9
94 327.9 1.9
95 318.0 1.9
96 315.4 1.9
97 313.5 1.9
98 312.4 1.9
99 314.2 1.9
100 312.9 1.9
101 314.8 1.9
102 313.0 1.9
103 311.6 1.9
104 308.9 1.9
105 308.3 1.9
106 313.4 1.9
107 310.6 1.9
108 313.4 1.9
109 312.5 1.9
110 313.0 1.9
111 312.3 1.9
112 312.8 1.9
113 313.1 1.9
114 314.7 1.9
115 312.6 1.9
116 310.9 1.9
117 311.1 1.9
118 312.7 1.9
119 312.0 1.9
120 312.7 1.9
121 310.3 1.9
122 313.9 1.9
123 313.1 1.9
124 312.4 1.9
125 312.7 1.9
126 312.9 1.9
127 313.4 1.9
128 313.9 1.9
129 314.0 1.9
130 313.4 1.9
131 310.7 1.9
132 311.3 1.9
133 312.3 1.9
134 312.1 1.9
135 306.6 1.9
136 309.0 1.9
137 306.8 1.9
138 308.8 1.9
139 307.1 1.9
140 307.4 1.9
141 308.1 1.9
142 306.5 1.9
143 309.7 1.9
144 305.9 1.9
145 305.5 1.9
146 309.1 1.9
147 305.6 1.9
148 310.6 1.9
149 306.9 1.9
150 304.0 1.9
151 306.9 1.9
152 306.2 1.9
153 307.3 1.9
154 305.8 1.9
155 307.9 1.9
156 310.1 1.9
157 304.5 1.9
158 304.0 1.9
159 305.0 1.9
160 305.6 1.9
161 304.4 1.9
162 304.9 1.9
163 302.6 1.9
164 304.4 1.9
165 307.2 1.9
166 305.2 1.9
167 303.9 1.9
168 303.5 1.9
0 305.4 1.9
1 304.4 1.9
2 304.7 1.9
3 303.8 1.9
4 307.8 1.9
5 304.7 1.9
6 302.8 1.9
7 304.4 1.9
8 305.7 1.9
9 304.6 1.9
10 300.8 1.9
11 301.8 1.9
12 302.3 1.9
13 301.5 1.9
14 302.7 1.9
15 302.1 1.9
16 305.5 1.9
17 301.6 1.9
18 301.5 1.9
19 304.1 1.9
20 298.9 1.9
21 307.9 1.9
22 301.7 1.9
23 301.2 1.9
24 301.0 1.9
25 299.0 1.9
26 299.1 1.9
27 302.1 1.9
28 298.1 1.9
29 299.2 1.9
30 304.8 1.9
31 303.4 1.9
32 299.4 1.9
33 300.7 1.9
34 301.1 1.9
35 300.4 1.9
36 301.1 1.9
37 302.7 1.9
38 300.1 1.9
39 301.0 1.9
40 300.9 1.9
41 303.1 1.9
42 300.3 1.9
43 299.0 1.9
44 300.2 1.9
45 299.0 1.9
46 299.2 1.9
47 299.5 1.9
48 300.6 1.9
49 301.8 1.9
50 302.0 1.9
51 300.9 1.9
52 302.0 1.9
53 301.4 1.9
54 302.0 1.9
55 299.6 1.9
56 299.3 1.9
57 300.5 1.9
58 299.8 1.9
59 300.2 1.9
60 297.2 1.9
61 300.1 1.9
62 300.1 1.9
63 299.7 1.9
64 298.8 1.9
65 300.9 1.9
66 301.2 1.9
67 299.8 1.9
68 299.0 1.9
69 300.6 1.9
70 297.7 1.9
71 300.2 1.9
72 298.7 1.9
73 301.9 1.9
0 300.3 1.9
1 300.8 1.9
2 298.1 1.9
3 298.4 1.9
4 299.3 1.9
5 298.4 1.9
6 298.7 1.9
7 298.8 1.9
8 299.9 1.9
9 299.5 1.9
10 300.0 1.9
11 300.4 1.9
12 301.7 1.9
13 299.2 1.9
14 301.0 1.9
15 301.2 1.9
16 300.4 1.9
17 298.9 1.9
18 300.1 1.9
19 300.6 1.9
20 300.4 1.9
21 299.6 1.9
22 300.9 1.9
23 300.4 1.9
24 299.6 1.9
25 302.9 1.9
26 300.0 1.9
27 301.2 1.9
28 302.2 1.9
29 300.3 1.9
30 300.9 1.9
31 300.2 1.9
32 300.9 1.9
33 301.3 1.9
34 301.1 1.9
35 300.7 1.9
36 298.6 1.9
37 298.1 1.9
38 300.0 1.9
39 301.0 1.9
40 299.8 1.9
41 301.2 1.9
42 299.9 1.9
43 310.4 1.9
44 302.3 1.9
45 302.9 1.9
46 299.4 1.9
47 298.1 1.9
48 300.2 1.9
49 299.4 1.9
50 298.9 1.9
51 297.8 1.9
52 298.5 1.9
53 299.7 1.9
54 300.7 1.9
55 299.4 1.9
56 298.9 1.9
57 299.6 1.9
58 300.6 1.9
59 300.2 1.9
60 301.3 1.9
61 300.0 1.9
62 299.3 1.9
63 299.4 1.9
64 299.5 1.9
65 300.9 1.9
66 299.9 1.9
67 302.2 1.9
68 301.9 1.9
69 300.9 1.9
70 300.4 1.9
71 300.2 1.9
72 301.5 1.9
73 321.7 1.9
74 310.2 1.9
75 303.6 1.9
76 299.3 1.9
77 300.9 1.9
78 299.3 1.9
79 300.0 1.9
80 300.5 1.9
81 300.3 1.9
82 301.4 1.9
83 299.3 1.9
84 303.6 1.9
85 301.6 1.9
86 303.3 1.9
87 303.1 1.9
88 301.6 1.9
89 303.5 1.9
90 302.1 1.9
91 301.3 1.9
92 303.1 1.9
93 301.2 1.9
94 302.3 1.9
95 301.2 1.9
96 301.2 1.9
97 299.8 1.9
98 300.5 1.9
99 300.3 1.9
100 298.5 1.9
101 298.7 1.9
102 301.4 1.9
103 299.7 1.9
104 300.6 1.9
105 301.6 1.9
106 300.5 1.9
107 300.9 1.9
108 299.5 1.9
109 301.2 1.9
110 301.5 1.9
111 299.1 1.9
112 302.7 1.9
113 299.8 1.9
114 299.2 1.9
115 300.7 1.9
116 299.5 1.9
117 299.6 1.9
118 300.5 1.9
119 300.1 1.9
120 300.5 1.9
121 301.1 1.9
122 298.6 1.9
123 301.1 1.9
124 299.4 1.9
125 298.6 1.9
126 299.9 1.9
127 300.0 1.9
128 300.7 1.9
129 302.5 1.9
130 300.9 1.9
131 301.5 1.9
132 301.1 1.9
133 302.0 1.9
134 299.4 1.9
135 298.5 1.9
136 298.2 1.9
137 298.0 1.9
138 299.0 1.9
139 299.9 1.9
140 300.4 1.9
141 299.0 1.9
142 299.4 1.9
143 301.1 1.9
144 299.9 1.9
145 299.0 1.9
146 301.5 1.9
147 300.5 1.9
148 301.0 1.9
149 301.9 1.9
150 301.6 1.9
151 300.7 1.9
152 301.0 1.9
153 302.7 1.9
154 303.0 1.9
155 300.8 1.9
156 302.5 1.9
157 302.7 1.9
158 300.6 1.9
159 300.6 1.9
160 302.7 1.9
161 301.2 1.9
162 300.8 1.9
163 302.4 1.9
164 301.7 1.9
165 301.7 1.9
166 302.0 1.9
167 301.6 1.9
168 301.1 1.9
169 300.7 1.9
170 302.5 1.9
171 300.6 1.9
172 300.7 1.9
173 301.2 1.9
174 298.8 1.9
175 298.1 1.9
176 299.4 1.9
177 299.5 1.9
178 296.1 1.9
179 298.0 1.9
180 298.0 1.9
181 295.8 1.9
182 300.1 1.9
183 296.8 1.9
184 297.4 1.9
185 295.7 1.9
186 297.0 1.9
187 298.1 1.9
188 295.1 1.9
189 294.3 1.9
190 297.0 1.9
191 295.6 1.9
192 298.2 1.9
193 298.2 1.9
194 294.8 1.9
195 293.8 1.9
196 291.5 1.9
197 290.4 1.9
198 290.4 1.9
199 292.7 1.9
200 290.8 1.9
201 291.7 1.9
202 293.2 1.9
203 293.4 1.9
204 301.3 1.9
0 300.2 1.9
0 358.1 1.9
1 300.7 1.9
2 311.0 1.9
3 299.5 1.9
4 289.9 1.9
5 291.7 1.9
6 295.5 1.9
7 289.2 1.9
8 290.6 1.9
9 290.5 1.9
10 288.9 1.9
11 289.8 1.9
12 289.8 1.9
13 288.6 1.9
14 291.6 1.9
15 291.1 1.9
16 290.0 1.9
17 289.7 1.9
18 290.9 1.9
19 290.3 1.9
20 291.2 1.9
21 291.0 1.9
22 290.4 1.9
23 289.1 1.9
24 290.9 1.9
25 291.2 1.9
26 291.7 1.9
27 293.5 1.9
28 291.1 1.9
29 287.9 1.9
30 289.0 1.9
31 288.7 1.9
32 301.8 1.9
33 287.7 1.9
34 286.5 1.8
35 285.1 1.8
36 287.3 1.8
37 285.8 1.8
38 286.9 1.8
39 286.0 1.8
40 286.7 1.8
41 285.3 1.8
42 286.3 1.8
43 285.0 1.8
44 284.6 1.8
45 284.1 1.8
46 283.4 1.8
47 286.4 1.8
48 287.1 1.8
49 287.2 1.8
50 287.4 1.8
51 287.1 1.8
52 286.2 1.8
53 285.6 1.8
54 285.3 1.8
55 285.9 1.8
56 285.7 1.8
57 286.6 1.8
58 292.6 1.8
59 294.0 1.8
60 283.6 1.8
61 283.2 1.8
62 285.6 1.8
63 284.3 1.8
64 283.3 1.8
65 284.2 1.8
66 283.9 1.8
67 281.9 1.8
68 282.0 1.8
69 284.1 1.8
70 285.5 1.8
71 282.9 1.8
72 283.8 1.8
73 281.9 1.8
74 282.3 1.8
75 282.8 1.8
76 283.1 1.8
77 283.3 1.8
78 282.0 1.8
79 283.2 1.8
80 281.9 1.8
81 283.3 1.8
82 284.8 1.8
83 284.8 1.8
84 284.3 1.8
85 281.5 1.8
86 282.5 1.8
87 283.2 1.8
88 283.1 1.8
89 282.7 1.8
90 282.9 1.8
91 282.0 1.8
92 283.7 1.8
93 282.2 1.8
94 281.9 1.8
95 282.3 1.8
96 282.4 1.8
97 283.4 1.8
98 280.9 1.8
99 281.1 1.8
100 280.6 1.8
101 279.9 1.8
102 281.7 1.8
103 281.6 1.8
104 282.1 1.8
105 281.1 1.8
0 280.4 1.9
1 282.3 1.9
2 285.9 1.9
3 281.9 1.9
4 282.3 1.9
5 281.1 1.9
6 281.0 1.9
7 281.7 1.9
8 282.2 1.9
9 280.6 1.9
10 281.4 1.9
11 282.6 1.9
12 282.1 1.9
13 283.5 1.9
14 283.2 1.9
15 283.9 1.9
16 282.1 1.9
17 283.4 1.9
18 282.6 1.9
19 282.0 1.9
20 284.4 1.9
21 283.6 1.9
22 282.6 1.9
23 283.3 1.9
24 281.7 1.9
25 283.6 1.9
26 283.2 1.9
27 283.7 1.9
28 281.7 1.9
29 283.1 1.9
30 280.5 1.9
31 280.3 1.9
32 282.8 1.9
33 282.3 1.9
34 281.8 1.9
35 283.9 1.9
36 284.7 1.9
37 281.6 1.9
38 283.7 1.9
39 282.5 1.9
40 282.3 1.9
41 284.2 1.9
42 285.2 1.9
43 284.6 1.9
44 284.9 1.9
45 285.0 1.9
46 284.2 1.9
47 284.6 1.9
48 284.1 1.9
49 283.9 1.9
50 283.4 1.9
51 284.7 1.9
52 284.5 1.9
53 283.5 1.9
54 285.2 1.9
55 284.1 1.9
56 285.4 1.9
57 284.3 1.9
58 285.1 1.9
59 285.5 1.9
60 285.5 1.9
61 283.4 1.9
62 299.9 1.9
63 282.3 1.9
64 282.2 1.9
65 282.7 1.9
66 283.4 1.9
67 281.5 1.9
68 281.8 1.9
69 281.1 1.9
70 281.4 1.9
71 281.7 1.9
72 280.7 1.9
73 281.9 1.9
74 281.6 1.9
75 282.2 1.9
76 284.6 1.9
77 281.5 1.9
78 283.0 1.9
79 282.7 1.9
80 282.6 1.9
81 282.2 1.9
82 282.3 1.9
83 280.6 1.9
84 284.2 1.9
85 283.1 1.9
86 284.9 1.9
87 299.6 1.9
88 307.5 1.9
89 285.8 1.9
90 283.8 1.9
91 293.0 1.9
92 281.9 1.9
93 282.1 1.9
94 281.6 1.9
95 282.8 1.9
96 280.4 1.9
97 282.8 1.9
98 282.3 1.9
99 282.0 1.9
100 281.7 1.9
101 284.0 1.9
102 282.8 1.9
103 284.0 1.9
104 282.5 1.9
105 284.4 1.9
106 282.6 1.9
107 282.3 1.9
108 282.4 1.9
109 282.2 1.9
110 283.8 1.9
111 281.8 1.9
112 282.8 1.9
113 282.9 1.9
114 282.0 1.9
115 282.9 1.9
116 282.5 1.9
117 282.8 1.9
118 281.3 1.9
119 281.8 1.9
120 281.0 1.9
121 283.2 1.9
122 283.1 1.9
123 282.6 1.9
124 283.4 1.9
125 281.7 1.9
126 281.3 1.9
127 283.0 1.9
128 281.5 1.9
129 283.6 1.9
130 283.5 1.9
131 283.7 1.9
132 283.8 1.9
133 282.7 1.9
134 283.0 1.9
135 282.5 1.9
136 283.0 1.9
137 283.0 1.9
138 282.4 1.9
139 281.7 1.9
140 282.9 1.9
141 283.0 1.9
142 281.9 1.9
143 283.3 1.9
144 283.2 1.9
145 291.4 1.9
147 281.1 1.9
148 279.0 1.9
149 278.8 1.9
150 278.6 1.9
151 278.0 1.9
152 279.9 1.9
153 279.7 1.9
154 279.0 1.9
155 279.5 1.9
156 280.7 1.9
157 281.4 1.9
158 280.7 1.9
159 278.7 1.9
160 280.4 1.9
161 280.4 1.9
162 280.6 1.9
163 281.0 1.9
164 279.8 1.9
165 279.7 1.9
166 280.6 1.9
167 281.1 1.9
168 279.6 1.9
169 280.2 1.9
170 279.0 1.9
171 283.8 1.9
172 280.5 1.9
173 281.1 1.9
174 280.7 1.9
175 280.7 1.9
176 280.0 1.9
177 281.2 1.9
178 282.0 1.9
179 281.9 1.9
180 280.6 1.9
181 280.9 1.9
182 281.4 1.9
183 282.8 1.9
184 281.4 1.9
185 281.3 1.9
186 280.6 1.9
187 280.1 1.9
188 280.3 1.9
189 280.3 1.9
190 280.4 1.9
191 280.2 1.9
192 282.3 1.9
193 279.9 1.9
194 280.9 1.9
195 280.0 1.9
196 280.9 1.9
197 280.3 1.9
198 279.7 1.9
199 281.1 1.9
200 282.8 1.9
201 282.1 1.9
202 281.3 1.9
203 280.7 1.9
204 282.2 1.9
205 284.3 1.9
206 280.7 1.9
207 284.5 1.9
208 283.1 1.9
209 285.4 1.9
210 283.7 1.9
211 284.9 1.9
212 283.2 1.9
213 284.6 1.9
214 283.4 1.9
215 284.5 1.9
216 284.2 1.9
217 283.3 1.9
218 286.6 1.9
219 286.1 1.9
220 284.7 1.9
221 282.0 1.9
222 285.6 1.9
223 285.3 1.9
224 285.0 1.9
225 285.3 1.9
226 283.6 1.9
227 283.8 1.9
228 284.5 1.9
229 283.5 1.9
230 281.2 1.9
231 285.3 1.9
232 286.4 1.9
233 283.5 1.9
234 280.3 1.9
235 277.3 1.9
236 279.7 1.9
237 278.1 1.9
238 278.0 1.9
239 280.2 1.9
240 278.8 1.9
241 277.5 1.9
242 276.2 1.9
243 274.4 1.9
244 275.5 1.9
245 276.0 1.9
246 275.2 1.9
247 275.1 1.9
248 276.2 1.9
249 275.2 1.9
250 276.2 1.9
251 275.0 1.9
252 273.3 1.9
253 273.2 1.9
254 274.2 1.9
255 274.1 1.9
256 272.0 1.9
257 272.7 1.9
258 272.1 1.9
259 272.1 1.9
260 271.4 1.9
261 272.9 1.9
262 272.8 1.9
263 272.7 1.9
264 271.5 1.9
265 275.7 1.9
266 272.2 1.9
267 271.5 1.9
268 277.3 1.9
269 277.4 1.9
270 273.2 1.9
271 274.8 1.9
272 272.8 1.9
273 272.7 1.9
274 276.8 1.9
275 273.5 1.9
276 273.8 1.9
277 272.9 1.9
278 274.4 1.9
279 276.1 1.9
280 273.3 1.9
281 274.0 1.9
282 274.2 1.9
283 275.2 1.9
284 274.0 1.9
285 274.7 1.9
286 275.5 1.9
287 274.0 1.9
288 274.4 1.9
289 273.5 1.9
290 274.1 1.9
291 274.6 1.9
292 273.6 1.9
293 272.3 1.9
294 272.3 1.9
295 273.3 1.9
296 273.3 1.9
297 272.7 1.9
298 273.5 1.9
299 272.9 1.9
300 273.4 1.9
301 273.5 1.9
302 275.2 1.9
303 276.3 1.9
304 274.9 1.9
305 274.1 1.9
306 275.7 1.9
307 274.4 1.9
308 278.2 1.9
309 276.2 1.9
310 275.0 1.9
311 273.4 1.9
312 273.2 1.9
313 273.3 1.9
314 273.3 1.9
315 273.3 1.9
316 273.8 1.9
317 273.7 1.9
318 279.1 1.9
319 277.4 1.9
320 274.6 1.9
321 276.4 1.9
322 273.6 1.9
323 272.6 1.9
324 273.8 1.9
325 273.9 1.9
326 275.0 1.9
327 275.4 1.9
328 276.7 1.9
329 278.4 1.9
330 276.4 1.9
331 278.7 1.9
332 275.8 1.9
333 277.0 1.9
334 275.8 1.9
335 278.3 1.9
336 277.8 1.9
337 277.3 1.9
338 276.0 1.9
339 276.1 1.9
340 277.7 1.9
341 276.5 1.9
342 277.3 1.9
343 276.0 1.9
344 276.5 1.9
345 278.2 1.9
346 278.4 1.9
347 277.1 1.9
348 277.6 1.9
349 277.0 1.9
350 278.1 1.9
351 276.0 1.9
352 277.5 1.9
353 277.9 1.9
354 277.0 1.9
355 278.4 1.9
356 276.1 1.9
357 277.9 1.9
358 276.6 1.9
359 276.6 1.9
360 277.3 1.9
361 277.5 1.9
362 278.4 1.9
363 275.9 1.9
364 277.8 1.9
365 278.2 1.9
366 277.4 1.9
367 278.7 1.9
368 276.9 1.9
369 276.4 1.9
370 276.4 1.9
371 276.6 1.9
372 274.7 1.9
373 272.7 1.9
374 271.3 1.9
375 272.3 1.9
376 273.8 1.9
377 274.4 1.9
378 274.0 1.9
379 274.4 1.9
380 274.2 1.9
381 274.3 1.9
382 272.7 1.9
383 273.0 1.9
384 272.3 1.9
385 272.0 1.9
386 274.6 1.9
387 273.0 1.9
388 273.8 1.9
389 272.4 1.9
390 272.3 1.9
391 273.7 1.9
392 272.6 1.9
393 274.5 1.9
394 277.4 1.9
395 278.6 1.9
396 276.6 1.9
397 274.1 1.9
398 270.7 1.9
399 270.1 1.9
400 271.3 1.9
401 271.8 1.9
402 270.7 1.9
403 269.5 1.9
404 270.1 1.9
405 273.2 1.9
406 270.8 1.9
407 272.7 1.9
408 270.3 1.9
409 272.2 1.9
410 270.2 1.9
411 269.9 1.9
412 272.0 1.9
413 269.7 1.9
414 270.5 1.9
415 268.8 1.9
416 268.7 1.9
417 274.8 1.9
418 274.1 1.9
419 273.4 1.9
420 273.0 1.9
421 270.9 1.9
422 270.7 1.9
423 276.2 1.9
424 270.1 1.9
425 271.7 1.9
426 275.4 1.9
427 275.1 1.9
428 273.4 1.9
429 269.7 1.9
430 273.9 1.9
431 273.4 1.9
432 271.2 1.9
433 271.7 1.9
434 277.8 1.9
435 273.9 1.9
436 272.6 1.9
437 276.0 1.9
438 274.3 1.9
439 272.7 1.9
440 272.8 1.9
441 273.8 1.9
442 271.2 1.9
443 273.4 1.9
444 274.8 1.9
445 274.2 1.9
446 274.5 1.9
447 273.4 1.9
448 273.7 1.9
449 274.1 1.9
450 273.3 1.9
451 274.1 1.9
452 273.6 1.9
453 274.6 1.9
454 274.5 1.9
455 272.7 1.9
456 272.4 1.9
457 273.3 1.9
458 275.1 1.9
459 274.1 1.9
460 273.1 1.9
461 274.1 1.9
462 274.2 1.9
463 287.1 1.9
464 272.1 1.9
465 275.2 1.9
466 274.0 1.9
467 277.6 1.9
468 273.3 1.9
469 272.8 1.9
470 274.5 1.9
471 277.0 1.9
472 273.9 1.9
473 271.9 1.9
474 273.1 1.9
475 279.9 1.9
476 273.4 1.9
477 275.8 1.9
478 277.5 1.9
479 275.3 1.9
480 276.3 1.9
481 276.7 1.9
482 275.5 1.9
483 275.6 1.9
484 280.2 1.9
485 277.4 1.9
486 274.3 1.9
487 278.1 1.9
488 276.8 1.9
489 274.8 1.9
490 273.4 1.9
491 275.1 1.9
492 274.6 1.9
493 273.5 1.9
494 274.9 1.9
495 274.0 1.9
496 275.9 1.9
497 272.3 1.9
498 272.2 1.9
499 275.3 1.9
500 276.2 1.9
501 274.5 1.9
502 276.0 1.9
503 277.4 1.9
504 272.9 1.9
505 274.0 1.9
506 272.9 1.9
507 273.4 1.9
508 273.9 1.9
509 273.4 1.9
510 272.4 1.9
511 274.3 1.9
512 274.3 1.9
513 272.9 1.9
514 273.9 1.9
515 275.4 1.9
516 273.3 1.9
517 274.8 1.9
518 274.8 1.9
519 275.0 1.9
520 274.0 1.9
521 274.6 1.9
522 273.8 1.9
523 273.8 1.9
524 276.0 1.9
525 274.0 1.9
526 273.7 1.9
527 272.2 1.9
528 274.3 1.9
529 276.5 1.9
530 273.2 1.9
531 278.9 1.9
532 272.9 1.9
533 274.4 1.9
534 272.4 1.9
535 273.5 1.9
536 269.5 1.9
537 269.9 1.9
538 271.4 1.9
539 271.4 1.9
540 269.9 1.9
541 272.4 1.9
542 272.8 1.9
543 273.7 1.9
544 276.7 1.9
545 275.3 1.9
546 275.5 1.9
547 275.4 1.9
548 275.8 1.9
549 272.9 1.9
550 272.8 1.9
551 275.8 1.9
552 275.2 1.9
553 274.9 1.9
554 275.5 1.9
555 273.7 1.9
556 273.2 1.9
557 274.1 1.9
558 271.7 1.9
559 269.0 1.9
560 270.3 1.9
561 271.2 1.9
562 268.3 1.9
563 270.0 1.9
564 271.1 1.9
565 273.4 1.9
566 269.4 1.9
567 266.9 1.9
568 269.2 1.9
569 272.1 1.9
570 272.1 1.9
571 269.9 1.9
572 269.5 1.9
573 272.2 1.9
574 270.1 1.9
575 271.1 1.9
576 268.0 1.9
577 271.3 1.9
578 272.1 1.9
579 271.8 1.9
580 272.0 1.9
581 268.6 1.9
582 270.4 1.9
583 269.9 1.9
584 268.1 1.9
585 270.0 1.9
586 271.8 1.9
587 270.0 1.9
588 268.9 1.9
589 270.0 1.9
590 271.9 1.9
591 268.7 1.9
592 270.1 1.9
593 269.5 1.9
594 271.5 1.9
595 271.7 1.9
596 267.0 1.9
597 270.0 1.9
598 267.7 1.9
599 273.6 1.9
600 271.0 1.9
601 267.8 1.9
602 269.6 1.9
603 269.6 1.9
604 269.9 1.9
605 269.0 1.9
606 273.9 1.9
607 273.9 1.9
608 270.4 1.9
609 269.2 1.9
610 268.3 1.9
611 273.3 1.9
612 275.2 1.9
613 269.9 1.9
614 268.6 1.9
615 270.4 1.9
616 269.5 1.9
617 269.1 1.9
618 268.7 1.9
619 273.3 1.9
620 269.8 1.9
621 275.1 1.9
622 268.8 1.9
623 268.7 1.9
624 267.2 1.9
625 266.8 1.9
626 265.9 1.9
627 267.3 1.9
628 271.2 1.9
629 268.7 1.9
630 270.9 1.9
631 269.7 1.9
632 267.6 1.9
633 270.8 1.9
634 277.6 1.9
635 273.5 1.9
636 270.8 1.9
637 271.1 1.9
638 275.5 1.9
639 268.1 1.9
640 268.2 1.9
641 271.7 1.9
642 270.9 1.9
643 269.8 1.9
644 271.1 1.9
645 271.5 1.9
646 267.9 1.9
647 270.8 1.9
648 269.8 1.9
649 274.2 1.9
650 270.6 1.9
651 271.5 1.9
652 273.7 1.9
653 272.0 1.9
654 268.3 1.9
655 268.2 1.9
656 267.9 1.9
657 270.8 1.9
658 271.5 1.9
659 272.5 1.9
660 268.6 1.9
661 267.6 1.9
662 270.6 1.9
663 270.8 1.9
664 272.6 1.9
665 267.0 1.9
666 268.7 1.9
667 267.3 1.9
668 270.0 1.9
669 269.4 1.9
670 267.8 1.9
671 270.4 1.9
672 271.4 1.9
673 275.8 1.9
674 268.6 1.9
675 269.9 1.9
676 269.8 1.9
677 267.3 1.9
678 268.6 1.9
679 269.2 1.9
680 270.5 1.9
681 274.3 1.9
682 270.0 1.9
683 268.7 1.9
684 269.9 1.9
685 267.9 1.9
686 269.6 1.9
687 273.9 1.9
688 272.1 1.9
689 273.0 1.9
690 271.4 1.9
691 271.5 1.9
692 267.2 1.9
693 270.1 1.9
694 270.8 1.9
695 268.2 1.9
696 273.3 1.9
697 270.9 1.9
698 267.4 1.9
699 273.6 1.9
700 270.1 1.9
701 269.0 1.9
702 268.4 1.9
703 266.5 1.9
704 271.6 1.9
705 269.5 1.9
706 267.7 1.9
707 274.0 1.9
708 268.6 1.9
709 269.6 1.9
710 269.6 1.9
711 276.7 1.9
712 270.2 1.9
713 270.4 1.9
714 271.4 1.9
715 270.5 1.9
716 272.4 1.9
717 271.3 1.9
718 271.9 1.9
719 269.1 1.9
720 274.1 1.9
721 269.5 1.9
722 270.4 1.9
723 270.4 1.9
724 270.9 1.9
725 274.7 1.9
726 277.3 1.9
727 271.3 1.9
728 275.0 1.9
729 273.3 1.9
730 270.2 1.9
731 269.0 1.9
732 268.6 1.9
733 267.9 1.9
734 271.9 1.9
735 272.7 1.9
736 271.8 1.9
737 269.8 1.9
738 269.7 1.9
739 271.4 1.9
740 272.2 1.9
741 271.8 1.9
742 270.9 1.9
743 269.1 1.9
744 275.5 1.9
745 279.9 1.9
746 272.5 1.9
747 271.3 1.9
748 270.0 1.9
749 274.7 1.9
750 273.0 1.9
751 276.8 1.9
752 273.9 1.9
753 270.9 1.9
754 275.5 1.9
755 273.4 1.9
756 273.4 1.9
757 279.3 1.9
758 277.9 1.9
759 276.2 1.9
760 276.9 1.9
761 271.4 1.9
762 272.5 1.9
763 276.2 1.9
764 275.2 1.9
765 274.7 1.9
766 273.1 1.9
767 275.8 1.9
768 275.2 1.9
769 275.1 1.9
770 273.1 1.9
771 273.4 1.9
772 279.4 1.9
773 275.2 1.9
774 276.7 1.9
775 274.4 1.9
776 274.7 1.9
777 273.3 1.9
778 275.8 1.9
779 279.2 1.9
780 271.6 1.9
781 274.0 1.9
782 270.9 1.9
783 273.7 1.9
784 276.7 1.9
785 276.8 1.9
786 272.3 1.9
787 274.0 1.9
788 273.8 1.9
789 274.3 1.9
790 274.6 1.9
791 273.0 1.9
792 274.6 1.9
793 276.8 1.9
794 275.2 1.9
795 278.8 1.9
796 275.1 1.9
797 279.1 1.9
798 274.3 1.9
799 277.2 1.9
800 277.4 1.9
801 271.9 1.9
802 278.6 1.9
803 280.5 1.9
804 278.0 1.9
805 278.0 1.9
806 272.3 1.9
807 273.3 1.9
808 274.6 1.9
809 273.6 1.9
810 272.6 1.9
811 278.2 1.9
812 272.5 1.9
813 271.9 1.9
814 273.5 1.9
815 271.0 1.9
816 273.4 1.9
817 271.7 1.9
818 272.0 1.9
819 280.6 1.9
820 274.9 1.9
821 273.3 1.9
822 275.9 1.9
823 272.1 1.9
824 289.7 1.9
825 273.7 1.9
826 273.5 1.9
827 274.6 1.9
828 284.5 1.9
829 277.5 1.9
830 276.5 1.9
831 273.5 1.9
832 277.8 1.9
833 277.7 1.9
834 275.5 1.9
835 278.3 1.9
836 275.5 1.9
837 275.4 1.9
838 274.1 1.9
839 274.5 1.9
840 274.3 1.9
841 295.2 1.9
842 284.7 1.9
843 281.4 1.9
844 273.9 1.9
845 273.3 1.9
846 275.5 1.9
847 280.8 1.9
848 275.6 1.9
849 282.1 1.9
850 274.9 1.9
851 273.9 1.9
852 276.9 1.9
853 273.3 1.9
854 273.1 1.9
855 273.6 1.9
856 275.7 1.9
857 274.8 1.9
858 280.9 1.9
859 277.8 1.9
860 277.8 1.9
861 276.7 1.9
862 282.5 1.9
863 277.1 1.9
864 275.4 1.9
865 277.6 1.9
866 277.6 1.9
867 276.5 1.9
868 272.7 1.9
869 274.6 1.9
870 276.8 1.9
871 276.3 1.9
872 277.1 1.9
873 273.2 1.9
874 275.7 1.9
875 275.3 1.9
876 275.6 1.9
877 275.8 1.9
878 275.2 1.9
879 276.4 1.9
880 275.0 1.9
881 276.8 1.9
882 275.3 1.9
883 275.7 1.9
884 275.4 1.9
885 278.1 1.9
886 278.9 1.9
887 278.1 1.9
888 274.7 1.9
889 274.7 1.9
890 277.4 1.9
891 281.5 1.9
892 279.6 1.9
893 278.9 1.9
894 275.5 1.9
895 276.8 1.9
896 279.7 1.9
897 275.8 1.9
898 274.4 1.9
899 277.1 1.9
900 282.7 1.9
901 275.4 1.9
902 273.5 1.9
903 281.7 1.9
904 275.8 1.9
905 273.6 1.9
906 273.5 1.9
907 278.2 1.9
908 280.5 1.9
909 282.5 1.9
910 277.5 1.9
911 274.8 1.9
912 274.0 1.9
913 277.9 1.9
914 279.8 1.9
915 277.5 1.9
916 279.6 1.9
917 279.1 1.9
918 280.6 1.9
919 274.3 1.9
920 274.9 1.9
921 273.7 1.9
922 277.9 1.9
923 275.6 1.9
924 272.6 1.9
925 279.7 1.9
926 273.4 1.9
927 275.7 1.9
928 275.7 1.9
929 274.6 1.9
930 275.1 1.8
931 276.1 1.8
932 280.3 1.8
933 288.0 1.8
934 284.3 1.8
935 277.1 1.8
936 274.8 1.8
937 274.3 1.8
938 271.4 1.8
939 275.2 1.8
940 275.5 1.8
941 271.6 1.8
0 275.5 1.9
1 269.2 1.9
2 268.7 1.9
0 272.4 1.9
1 269.8 1.9
2 271.1 1.9
3 266.4 1.9
4 264.6 1.9
5 265.6 1.9
6 265.4 1.9
7 264.1 1.9
8 265.0 1.9
9 265.4 1.9
10 266.0 1.9
11 265.5 1.9
12 266.5 1.9
13 267.6 1.9
14 267.0 1.9
15 264.5 1.9
16 266.1 1.9
17 265.7 1.9
18 265.3 1.9
19 267.2 1.9
20 264.0 1.9
21 265.4 1.9
22 264.9 1.9
23 264.3 1.9
24 264.7 1.9
25 264.9 1.9
26 265.0 1.9
27 263.3 1.9
28 266.0 1.9
29 266.1 1.9
30 265.5 1.9
31 265.8 1.9
32 264.1 1.9
33 263.8 1.9
34 265.4 1.9
35 264.2 1.9
36 265.4 1.9
37 266.0 1.9
38 265.6 1.9
39 266.4 1.9
40 266.7 1.9
41 265.6 1.9
42 265.2 1.9
43 268.4 1.9
44 267.1 1.9
45 265.8 1.9
46 270.5 1.9
47 265.8 1.9
48 273.7 1.9
49 267.4 1.9
51 263.1 1.5
52 262.1 1.5
53 259.4 1.5
54 261.1 1.5
55 257.6 1.5
56 253.7 1.5
57 253.9 1.5
58 253.0 1.5
59 254.5 1.5
60 254.0 1.5
61 255.2 1.5
62 255.2 1.5
63 253.6 1.5
64 253.4 1.5
65 252.7 1.5
66 250.5 1.5
67 251.6 1.5
68 250.5 1.5
69 246.8 1.5
70 249.3 1.5
71 250.8 1.5
72 249.0 1.5
73 249.6 1.5
74 249.4 1.5
75 249.7 1.5
76 249.9 1.5
77 248.2 1.5
78 252.4 1.5
79 251.1 1.5
80 250.1 1.5
81 250.3 1.5
82 251.0 1.5
83 250.5 1.5
84 258.7 1.5
0 406.5 1.9
1 444.3 1.9
2 445.9 1.9
3 444.3 1.9
4 275.8 1.9
5 269.9 1.9
6 270.4 1.9
7 270.9 1.9
8 271.0 1.9
9 270.4 1.9
10 278.6 1.7
11 276.7 1.7
12 276.7 1.7
0 278.6 1.9
0 278.6 1.9
0 278.1 1.9
