0 1001.0 1.9
1 579.0 1.9
2 654.6 1.9
3 586.6 1.9
4 509.0 1.9
5 470.8 1.9
6 453.7 1.9
7 437.6 1.9
8 429.4 1.9
9 449.7 1.9
10 443.6 1.9
11 413.1 1.9
12 418.1 1.9
13 402.2 1.9
14 390.7 1.9
15 402.4 1.9
16 396.5 1.9
17 374.8 1.9
18 375.9 1.9
19 369.9 1.9
20 379.2 1.9
21 369.8 1.9
22 373.5 1.9
23 372.3 1.9
24 367.7 1.9
25 359.6 1.9
26 371.9 1.9
27 363.5 1.9
28 378.8 1.9
29 365.4 1.9
30 355.8 1.9
31 357.9 1.9
32 359.6 1.9
33 353.8 1.9
34 356.7 1.9
35 352.1 1.9
36 353.6 1.9
37 351.1 1.9
38 354.7 1.9
39 357.9 1.9
40 352.2 1.9
41 349.5 1.9
42 351.2 1.9
43 348.5 1.9
44 349.3 1.9
45 348.7 1.9
46 350.5 1.9
47 349.5 1.9
48 349.5 1.9
49 350.5 1.9
50 347.3 1.9
51 346.8 1.9
52 352.5 1.9
53 360.0 1.9
54 352.6 1.9
55 352.4 1.9
56 351.4 1.9
57 350.9 1.9
58 354.0 1.9
