0 1032.1 1.9
1 698.6 1.9
2 604.5 1.9
3 563.5 1.9
4 565.8 1.9
5 541.9 1.9
6 499.6 1.9
7 493.4 1.9
8 494.4 1.9
9 494.7 1.9
10 485.0 1.9
11 485.0 1.9
12 466.4 1.9
13 453.9 1.9
14 448.3 1.9
15 445.0 1.9
16 442.7 1.9
17 447.9 1.9
18 440.8 1.9
19 438.8 1.9
20 437.9 1.9
21 437.8 1.9
22 437.7 1.9
23 456.6 1.9
24 434.5 1.9
25 435.2 1.9
26 433.6 1.9
27 432.2 1.9
28 430.2 1.9
29 431.0 1.9
30 430.4 1.9
31 424.5 1.9
32 428.0 1.9
33 423.5 1.9
34 425.7 1.9
35 422.3 1.9
36 423.8 1.9
37 424.3 1.9
38 427.0 1.9
39 428.5 1.9
40 426.6 1.9
41 423.5 1.9
42 425.5 1.9
43 426.4 1.9
44 425.0 1.9
45 422.0 1.9
46 420.5 1.9
47 421.5 1.9
48 420.4 1.9
49 419.2 1.9
50 418.0 1.9
51 419.5 1.9
52 417.1 1.9
53 416.3 1.9
54 417.6 1.9
55 422.1 1.9
56 417.5 1.9
0 422.7 1.9
1 421.2 1.9
2 417.9 1.9
3 423.1 1.9
4 422.4 1.9
5 420.1 1.9
6 419.3 1.9
7 419.1 1.9
8 416.5 1.9
9 417.8 1.9
10 417.0 1.9
11 416.0 1.9
12 410.5 1.9
13 413.7 1.9
14 413.3 1.9
15 411.9 1.9
16 414.9 1.9
17 414.6 1.9
18 409.8 1.9
19 413.2 1.9
20 413.0 1.9
21 414.7 1.9
22 411.4 1.9
23 410.3 1.9
24 412.7 1.9
25 412.1 1.9
26 409.5 1.9
27 409.3 1.9
28 399.5 1.9
29 401.7 1.9
30 401.9 1.9
31 401.6 1.9
32 401.0 1.9
33 401.1 1.9
34 401.2 1.9
35 400.1 1.9
