0 1051.8 1.9
1 616.4 1.9
2 521.4 1.9
3 445.0 1.9
4 433.9 1.9
5 420.2 1.9
6 407.6 1.9
7 425.6 1.9
8 400.2 1.9
9 407.3 1.9
10 394.0 1.9
11 399.7 1.9
12 402.7 1.9
13 396.6 1.9
14 389.6 1.9
15 392.7 1.9
16 382.4 1.9
17 380.1 1.9
18 375.7 1.9
19 382.8 1.9
20 378.0 1.9
21 371.5 1.9
22 373.2 1.9
24 374.1 1.9
25 392.3 1.9
26 370.5 1.9
27 367.7 1.9
28 369.0 1.9
29 365.3 1.9
30 366.8 1.9
31 363.8 1.9
32 363.2 1.9
33 376.0 1.9
34 360.7 1.9
35 357.0 1.9
36 354.0 1.9
37 349.0 1.9
38 354.1 1.9
39 354.2 1.9
40 353.1 1.9
41 350.6 1.9
42 348.8 1.9
43 351.0 1.9
44 350.8 1.9
45 350.7 1.9
46 347.7 1.9
47 349.9 1.9
48 347.3 1.9
49 346.1 1.9
50 351.8 1.9
51 347.0 1.9
52 346.4 1.9
53 342.9 1.9
54 349.2 1.9
55 345.0 1.9
56 346.2 1.9
57 340.5 1.9
0 348.8 1.9
1 342.9 1.9
2 346.4 1.9
3 347.9 1.9
4 342.2 1.9
5 346.6 1.9
6 343.3 1.9
7 342.8 1.9
8 345.5 1.9
9 341.1 1.9
10 342.3 1.9
11 341.3 1.9
12 343.0 1.9
13 340.6 1.9
14 341.8 1.9
15 339.2 1.9
16 339.0 1.9
17 339.4 1.9
18 340.8 1.9
19 336.8 1.9
20 339.4 1.9
21 341.2 1.9
22 337.0 1.9
23 341.7 1.9
24 338.3 1.9
25 337.2 1.9
26 337.9 1.9
27 336.7 1.9
28 334.2 1.9
29 331.8 1.9
30 335.1 1.9
31 334.9 1.9
32 333.3 1.9
33 330.9 1.9
34 335.1 1.9
35 332.3 1.9
