0 1016.4 1.9
1 645.7 1.9
2 566.1 1.9
3 517.2 1.9
4 506.2 1.9
5 490.9 1.9
6 486.4 1.9
7 474.3 1.9
8 469.7 1.9
9 456.0 1.9
10 441.0 1.9
11 436.0 1.9
12 425.7 1.9
13 415.7 1.9
14 409.3 1.9
15 416.1 1.9
16 402.8 1.9
17 396.2 1.9
18 401.5 1.9
19 400.0 1.9
20 399.1 1.9
21 398.7 1.9
22 399.9 1.9
23 398.9 1.9
24 394.1 1.9
25 398.1 1.9
26 392.2 1.9
27 394.2 1.9
28 397.9 1.9
29 396.3 1.9
30 397.4 1.9
31 398.2 1.9
32 398.9 1.9
33 401.9 1.9
34 406.2 1.9
35 405.3 1.9
36 399.8 1.9
37 398.9 1.9
38 400.3 1.9
39 399.1 1.9
40 392.0 1.9
41 393.8 1.9
42 396.7 1.9
43 406.2 1.9
44 397.6 1.7
45 395.3 1.7
46 396.2 1.7
47 398.0 1.7
48 394.3 1.7
49 396.2 1.7
50 397.9 1.7
51 398.4 1.7
52 399.4 1.7
53 396.1 1.7
54 398.5 1.7
55 396.0 1.7
56 396.0 1.7
57 392.3 1.7
58 392.3 1.7
59 394.9 1.7
60 392.3 1.7
61 390.9 1.7
0 396.6 1.9
0 397.7 1.9
1 401.9 1.9
2 402.1 1.9
3 399.6 1.9
4 403.0 1.9
5 412.2 1.9
6 409.2 1.9
7 403.4 1.9
8 403.6 1.9
9 402.6 1.9
10 399.2 1.9
11 397.8 1.9
12 404.1 1.9
13 396.8 1.9
14 395.2 1.9
15 391.9 1.9
16 394.4 1.9
17 393.9 1.9
18 393.1 1.9
19 394.8 1.9
20 392.3 1.9
21 391.1 1.9
22 393.4 1.9
23 396.1 1.9
24 395.6 1.9
25 396.6 1.9
26 393.6 1.9
27 391.3 1.9
28 394.4 1.9
29 391.1 1.9
30 389.4 1.9
31 389.6 1.9
32 385.0 1.9
33 389.9 1.9
34 384.7 1.9
35 387.2 1.9
36 384.5 1.9
37 384.5 1.9
