0 1073.8 1.9
1 642.6 1.9
2 532.8 1.9
3 474.6 1.7
4 444.2 1.5
5 429.8 1.5
6 411.7 1.4
7 415.3 1.4
8 419.3 1.4
9 415.5 1.4
10 419.9 1.4
11 417.6 1.4
12 406.4 1.4
13 412.1 1.4
14 418.0 1.4
15 408.0 1.4
16 397.8 1.4
17 419.3 1.4
18 413.5 1.4
19 388.5 1.4
20 392.3 1.4
21 403.0 1.4
22 385.8 1.4
23 380.7 1.4
24 391.0 1.4
25 384.4 1.4
26 381.7 1.4
27 386.7 1.4
28 387.3 1.4
29 373.5 1.4
30 374.7 1.3
31 379.2 1.3
32 375.1 1.3
33 375.4 1.3
34 390.7 1.3
35 379.4 1.3
36 379.6 1.3
37 376.7 1.3
38 378.0 1.3
39 385.4 1.3
40 374.4 1.3
41 386.5 1.3
42 377.2 1.3
43 391.1 1.3
44 368.4 1.3
45 373.5 1.3
46 368.6 1.3
47 365.6 1.3
48 363.9 1.3
49 361.7 1.3
50 364.1 1.3
51 360.6 1.3
52 364.7 1.3
53 363.0 1.3
0 369.4 1.9
1 384.5 1.7
2 369.6 1.7
5 348.3 0.5
6 343.0 0.5
7 343.6 0.5
8 341.6 0.5
9 340.2 0.5
10 341.2 0.5
11 343.4 0.5
12 341.6 0.5
13 342.2 0.5
14 339.6 0.5
15 340.5 0.5
16 341.3 0.5
17 340.4 0.5
18 341.6 0.5
19 342.8 0.5
20 340.2 0.5
21 342.2 0.5
22 341.8 0.5
23 340.9 0.5
24 340.0 0.5
25 341.1 0.5
26 342.4 0.5
27 342.4 0.5
28 341.0 0.5
29 343.5 0.5
30 341.8 0.5
31 341.8 0.5
32 343.8 0.5
33 340.1 0.5
34 340.1 0.5
